Original seed: 42
2.a:
A = 0.04701878985790245; a,b,c = 1.6419613428029698,1.4577252811360346,2.6047059307084877
2.b:
Saved interpolation plot to 'plots/2_b.png'.
2.c:
dn/dx at x = b: analytic = -4.702159549813; numerical = -4.702159549822
2.d:

r,phi,theta:
0.7311141707122876 1.6028076635948272 0.2270265285598231
2.197278770187982 5.29883706734633 1.3425005017754366
1.261066210848445 0.4705410840621936 1.652797361141153
0.6558716361204144 5.012800547859235 2.280159240554945
0.7824897836202369 3.2051614706482767 1.109519113847493
0.5641889930754497 4.239148403641524 2.5313275914354216
0.7455003237080227 1.3378904226799089 2.07121896558909
0.9233498635882491 0.13554910534546938 0.8080191138718723
0.6646036870484072 2.593921050894136 0.6430905972730414
1.422587656024743 1.5936802052506487 1.1961750855480042
1.2151205803427914 3.3866416280089577 1.371971552370749
0.2683698883997805 3.983288228149664 2.34892948705019
0.5195498142643846 0.3023185592993231 0.20783067746454917
0.43194175748799657 2.0002705470795115 2.114834963001796
0.45944451540419623 3.701972044276426 2.720290327493936
0.8006572399002244 4.274590237546436 1.7464117024831116
0.2804255826180151 2.086678285518562 1.2565200536872243
1.7281651532360687 1.493229941026918 1.5682490721280593
0.4403162291018148 5.51406175002302 2.3134558412397968
0.28005365086933415 4.1667562336864306 1.2754577518288508
0.629885215859386 3.126371193501809 0.8823133533723011
1.3341331154888179 3.744806626025325 2.431634242424714
1.8027138385254526 3.577180243900044 1.47799705232885
0.2378761548099098 0.21519768812236728 2.7532126716994534
0.7747006558042651 3.686789510644586 1.1150685587388856
0.6869077696133774 3.636542606711427 1.8470806713450534
1.4117884436667754 3.7242596526259963 0.891581350772273
0.6294095410752514 1.2088053560981842 0.8448593580067348
1.2764752027254045 1.098289778440001 1.4188595428183999
1.6150927683803165 1.9199926678160373 2.8470316361511516
0.4186689992245968 5.637045372231429 1.9593635789694905
0.5461799853935555 2.2252698686054537 0.17807153021610092
0.6829810271722446 0.24992055211606554 1.2590866128292584
0.6234502914389102 1.5575463076869536 1.195224966142777
1.3366949341522365 3.0485171580618378 0.5212172093727148
0.6499529248316984 2.5940784042398093 1.453743194278108
0.9067285203917376 2.132532890780963 0.7257116272553009
1.5146136209601937 2.404549315401679 1.978017257685901
0.2770245026144908 6.164596891659123 1.4694682169604514
0.5159651931040894 2.3253515653634365 1.1861233069219161
0.4759216002517306 6.047620429111068 0.5387480016708217
2.247016406983809 0.13409749171900837 1.3807219348619766
1.5602946396462583 6.218389640083777 2.186858237035807
2.3029029642531844 3.3462652294283277 0.4412630335676338
0.6965374980804753 0.4498323703870266 0.43329541725053206
1.1409926578391123 0.7249796633728953 0.9982803668408025
0.6653952740755197 1.0253133385140492 1.9986788291368351
1.6205144185041889 1.005557374832275 0.4313321487854299
1.0420429483652858 3.4936712489898514 1.1563665983921778
1.8162715311433768 4.398841225589391 1.257522673876321
1.753618683902485 3.9458599495477777 2.8651583133590033
0.9075665701160043 5.367493156386626 2.631654291756891
2.196964042542822 2.597252707137583 1.724099860613247
1.335804466710699 0.4204979764301613 0.7175964769213862
0.1827132537627097 2.241282270808069 0.853186798298481
0.7038700495210275 2.3096897199004744 1.9112929888501538
1.7123198598059761 6.120340636505855 1.8682558561336253
2.079763440168249 2.150644043039724 2.314405830493339
1.8501341524498836 4.948950050730439 2.7251108593102016
0.8911001722393672 0.8143685684732586 2.022113824428344
1.091892711619008 5.552002315953939 1.7871299593017478
2.0542049463220273 3.7792343179439785 2.455513735502
1.3211167003377824 2.8219224435250907 0.8302843336903301
1.5889036994914583 3.862410859025583 0.20885659658253541
0.9993672674922676 4.641443887553411 1.2991381763462724
0.21591307901877496 5.32616256645649 2.161269458308147
1.6492796030749581 3.2963015420602892 2.239559557821826
1.4581203252216812 2.927113955421931 1.8842855313416325
2.4482548492097473 4.3877153728887714 1.532180548712544
1.9948482716434734 0.8685057783736273 0.5763854455089538
0.9218681038047252 3.987296975053835 0.5972229423329523
0.44154526532833743 3.2402812512358494 1.1749082354327303
0.18173811352986738 1.7758883998026385 1.3174654425683672
0.5187689966449206 4.543296053760293 1.7492149796888092
1.3650977926903596 0.6726655795284455 2.6194128692669856
1.4861118717435184 5.627875870996373 0.6574243816564097
1.5804517116615513 1.2429693794730885 1.8099719124226885
0.7420420489988011 5.30214916092477 0.8281478177090664
1.3314795740982264 2.3793285612306017 2.3801303781445413
0.6407129680532632 0.8940786201724139 1.7575270804295209
0.7322550000028955 5.290332743081566 1.6484916266608831
0.3504764783590363 6.087384004395324 2.8246659302385067
1.4659929210709874 6.282353866008897 2.402429041978465
1.9332396764300799 0.5667864302431423 1.5154492416588403
1.8020963918757016 0.6313214477879985 0.9514025960075138
1.1281752377936851 3.4268531372170266 2.1126890895625485
0.8940159908580776 4.507780842667583 1.2803535540003392
0.5783915184826695 6.095133351100733 1.2642369297377836
0.8172476257165974 4.896468153276877 1.5065904525286185
1.5578782882469553 2.94710820289594 0.653235189348019
0.7787656442861324 5.320419139190734 1.771281526346205
0.4080652971728931 4.270079657246644 1.8380359213790045
0.07337931053185985 2.6303052090296744 2.031693926313672
0.9549057503078782 2.189789006551835 2.1302858225822474
1.0740411498593938 4.667855605228215 2.1200254410634685
1.181490451901903 0.912168796509376 3.002947455960485
1.970841873281359 0.05396950164989878 2.0157468651014
1.415274167720679 4.574893947574355 1.2887032759180237
0.8888173153903209 0.7663566943066645 1.6355426458896933
1.4996123211828571 1.9576845334443223 2.49707290293986
2.e:
Saved histogram to 'plots/2_e.jpg'.
2.f:
Roots: 0.1987318674472368 1.6407030708001724
2.g:
Saved histogram to 'plots/2_g.jpg'.
For some reason the poisson distribution does not work correctly here and I don't know why. It does appear that the histogram follows a fairly normal distribution, which is a good sign.
Length: 37615, median: 1.2773704178216243, 16th: 1.0771942122640141, 84th: 1.5217983937551454
2.h:
Interpolator was tested with following values:
For a = 2.05, b = 1.05, c = 3.05, the interpolator returned A = 0.14501036855034055.
